<?xml version="1.0"?>
<opencv_storage>
<cam_rotation_all type_id="opencv-matrix">
  <rows>10</rows>
  <cols>3</cols>
  <dt>f</dt>
  <data>
    0. 7.51506417e-39 7.51506417e-39 1.40129846e-45 0. 0. 7.52373401e-39
    0. 0. 0. 1.79366203e-42 2.14398665e-43 -3.34843389e-06
    -3.34843389e-06 7.52045497e-39 -3.34840297e-06 3.81153182e-43
    6.72623263e-44 0. 7.52379566e-39 6.85000000e+01 0. 0. 0.
    9.16561300e-41 0. 0. 1.79366203e-42 1.00893489e-42 1.13505176e-43</data></cam_rotation_all>
</opencv_storage>
