<?xml version="1.0"?>
<opencv_storage>
<cam_translation_vector_all type_id="opencv-matrix">
  <rows>10</rows>
  <cols>3</cols>
  <dt>f</dt>
  <data>
    9.55561117e-39 9.55623896e-39 9.55568965e-39 9.55537576e-39
    9.55647437e-39 9.55576812e-39 9.55545423e-39 9.55631743e-39
    9.55584659e-39 9.55553270e-39 9.55639590e-39 9.55592506e-39
    9.55506186e-39 9.55514034e-39 9.55474797e-39 9.55419866e-39
    9.55435561e-39 9.55380630e-39 9.55364936e-39 9.55459103e-39
    9.55412019e-39 9.55498339e-39 9.55451256e-39 9.55404172e-39
    9.55490492e-39 9.55357088e-39 9.56016259e-39 1.79226074e-42
    1.79226074e-42 1.79226074e-42</data></cam_translation_vector_all>
</opencv_storage>
